| 2|  | 5|  |  |  |  |  |13| 9|11|  |16| 6|  |  |
|  | 9|  |  |16| 6|  |12|  |  | 7| 5|  |  |  |14|
| 7| 3|  |  |  |  | 5|  |  |12|  |  |  |11|15| 9|
|  |16|10|  |15|  |  | 2| 6|  |  |  | 5| 7|  |  |
| 8| 6|  |  |  |12|  |  | 2|  |  | 9|14|  |11|  |
|  | 4|  |  |  |16|14|  |  |11|  | 3| 8|  |  |  |
|  |  | 1|  |  |15| 2|  |  | 4|  |10|  |  |  |13|
|15|  | 3|  |  |  |11|  |  |  |13|  |  |  | 4| 2|
|  |  |16| 4|12|  |  |  |  | 8| 1|  |  |10|14|  |
|  |  |  |12|13| 7|  | 4|  | 3|10|  |  |  |  |11|
|  |  |  |11|  |  |  |15| 7|  |  |16| 1| 5| 6|  |
|14|10|  |  |  |  | 8|  |  |  |  |12| 7|13|  |  |
|  |  | 4|16|  |  |  |  | 3|  |15|  |  |14| 9| 1|
|  |  |  | 7| 3|13|  |  | 1|  |  |  |  | 2| 8|  |
|  |  | 8| 1|10|  |15| 9| 4|  |  |  |  |  |  | 5|
|10|  | 9|  | 2|  |  | 6|  | 5|12| 7|  |  |  |  |
