|15| 2|11|  |  |  |  |  |  | 1|  | 5|  | 4|  |13|
|16|  |  |  |14|  |  | 5|  | 2| 6|13|  | 1|  |  |
|  |  |  |  | 3| 9| 2|  | 8|  |  |  |11|16|  |  |
| 4|  |  |12| 7|  |15|  |  |  | 9|  |10|  |  |  |
|14| 4| 9|  |  |  |12| 2|  |  |  |  |  |  | 5|  |
|  |10|  |  |  | 7|  | 9|  |  | 5|  |16|  |13|12|
|  |16|  |  | 1|  |  |  |14| 7|12| 6|  |  |  |  |
|  | 3|  | 6|  |  |  |10|11|  |  |  | 1|  | 2|  |
|  |  | 8|15|  |16| 9|  | 6|  |  |  |  |13|  | 3|
|  |  |16|14|  |  |  | 7|  | 3|11|15|  |  |  |10|
|  |  |  | 2|10| 3| 5|  | 4|13|  |  |  |  |  | 1|
|  |  |  | 4|  |12| 6|  |10|  |  |  |14|  | 8| 7|
| 2|  | 7|  |  |  |  |  |  |  |10| 4|  | 5| 3|  |
|  |15|  |  |  |14| 7| 8|13|  |  |11|  | 6|  |  |
|  |12|  |  |  |13|  |11|  |  |  | 8| 9|  | 1|  |
| 5|  | 3|  |12| 6|  |  |  |15| 1|  |  |  |  | 8|
