|  |16|  |14|  |  | 1|11|  |  | 3|  |  |  |  | 7|
|  |  | 8|  | 4|13|  |  |  | 5|  |  | 1|  |  |14|
|  |11|  |  |  | 3|  |  | 2|15|  |  | 5|  |12| 9|
|10|  | 9|  |  |  | 2|  |16|  |13|  |  | 3|  |  |
|  | 4| 6|  |  | 5| 9|  | 8|  |12|  |  |  |  |  |
|  |  |  |  |12|  |  |  |11|  |15| 3| 9|14|  |13|
| 2|  |14| 9|  |16| 7|  |  |  |  | 6|  |  |15|  |
|11|  |  |  |  |  |10| 1|  |  |  | 2|  | 5| 4| 6|
|12|  | 4| 6|  | 8|  |  |  |13|  |  |  |16| 7|  |
| 8|  |  |  |  | 7|  | 6|  |12|  |  |10|  | 9|  |
|  |  |  |11| 2|10|  |  | 6|  |  |  |  |15| 1|  |
|  |  |  |13| 9|  |  |  |  | 7|16| 8|  |  |  | 5|
|  | 6| 5| 4|15|  |  |  |  |  |11|  |  | 2|14|  |
|  | 8|  |16| 3|  |  | 4|  | 2|  |10|13|  |  |  |
|  |  |  |  |  |  |14|10| 3|  | 5| 4|  | 1|  |16|
| 7|14|  |  |  | 9|11|12|15| 1|  |  | 3|  |  |  |
