|12|  |  |15| 1|  |11|  |  |  | 5|  | 9|  |  | 4|
| 3|  |  | 8|  | 5| 6|13|  |  |  | 7|  |  |  | 2|
|  |  |  |  |15|  |  | 7| 2|10|  |12|  |  | 1| 8|
| 2| 7|  |  |  |  |  |  |15| 3|  |  |14|  | 6|  |
|14|  | 3|16| 6|  |  |  | 1|  |  |  |  |11| 8|  |
|  | 9| 1| 5| 3|  |  |11|  |  | 6|  |  | 7|  |  |
|10| 4|  |  |  | 1|  |  |  |  |16|13|12|  |  |  |
|  |  |  |  |  | 2|  | 4|  | 9|14|  |  | 3|  |10|
|  |  |11|  |  |  |14| 9| 6|15| 2|  |  | 8|  |  |
| 5|13| 9|  |10|  | 3|  |  |  |  |14|  |  |  |  |
|  |  |  |  | 8|  |  |12|  |  |  |10|  | 6| 9|13|
|  |  | 7| 2| 4|  |  |  |  |13|  |  |10| 1|  |  |
|16| 5|  |  |  |12| 9|14|  | 2|  |  |  |  |  |11|
|  |14|  | 9|  |  |  |  | 8| 4|  |16|  |  |15| 5|
|  |  |15|  |  | 4|  |  | 5|  |10|  |16|  |13|  |
|  |11|  | 6|  |15|16|  |  |12|  |  | 7|  |  |  |
