|12| 6|16|  |  | 2|13|  |  |  | 8|  |  |  |  |  |
|11|  |  |10| 5| 8|  |  |  |  |13|  |14| 6|15|  |
| 1|  |  |  |  |  | 4|11| 7|14|15|  | 5|  |  |  |
|  |  |  |15|  |  |  | 1|  | 3|  | 6| 9|  |16| 4|
|16|  |11|  |  |14|  |  | 3| 5|  | 2|  |  |  |  |
| 5|  |  |13| 1| 3|11|  |  |  |  |  | 7|  |  |  |
|  |  |12|  | 6|  |  | 2|  |  |16|13|  | 5| 8|  |
|  |10|  |  |  |  | 5|  |  | 8|  | 1|12| 3|13|  |
|  |12|  |  |13|  |  | 8|  |16|  |15|  | 4|  |10|
|13| 1|  | 3|11|  |  |  |  |  | 4| 9|  |  | 7|  |
|  |  | 8|14|  |  | 2|  |12|10|  |  |  |  | 3| 9|
|  | 4| 6|  |15|  | 7|10|  |  |  | 8|  |14|  |  |
|  |11|14| 5|  |  |  |  |16|  | 9|  |  |  | 2| 6|
|  |  | 1|12| 8|  |  |  | 2| 4|  |  |16|  |  | 7|
|  |  | 9|  |  | 4| 6|12|  |  |  |  |  |13|  | 3|
| 4| 2|  |  |  |15| 9| 7|10|  | 1|  |  |  |  |  |
