| 3| 8|  |  |15| 4|16|  |14|  |  |  |  |  | 7|  |
|  |  |  |12| 7|  |  | 3|  |  | 2|  | 9|  |  |13|
|  |13|  |  | 2|  |  |  | 8| 5|  |16|  |  |  |12|
|11|  | 6|10|  |  |  |  |  |  |15|  | 4|  |  | 1|
|14|  | 2|  | 8|  | 6|  |15|  |  |  |  | 7|10|  |
|  |  |16|  |  |11|  |14|  | 3|  |12|  | 6|  |  |
|13|  |10|  |  |  |  |  |  | 4| 8|  |12|15|  | 9|
|12| 3|  |  |  |  |15|10|  |14|  | 5|  |  | 2|  |
|  | 6|  |16|  | 1|  | 8|  | 7|  |  |11|  |13|  |
|  | 5|  | 3|  |  | 4|16|13|  |  |  |  | 1|12|  |
|  |  |  |15|  |13|  |  |  | 2|16| 4| 5| 9|  |  |
|  |10|11|  |  |  |  |15| 6|  |  | 9| 2|  |  | 8|
|  |  | 8|  | 5|  | 9|  |  |  |  |14|  |13|11| 7|
| 5|  | 9| 2|  |16|  |  |  |  |10|  | 1|  | 3|  |
| 1|  |  |14|  |10| 7|  |  |  | 4| 6|  |  |  |  |
|  |11|  |  | 1|12|  |  | 5|  | 9|  |  |14|  | 4|
