| 4|  |  | 5|  | 2|  |  |  |  | 7| 9|  |  |  | 1|
|14|  |  |15| 5|  |  | 4|  |  |13|  |  |16| 6|  |
|  |  |  |13|  |16|  |15|14| 4|  |  |  |12|  | 2|
|10|  |  |  |  |  |14|  | 5|  |  | 2| 3|  | 7|  |
|  |13|  |  | 6|14|11|  |  |  |  |  |16|  |  | 8|
| 7|12|15|14|  |  |  | 2|  |  |  |  | 4|10|  |  |
|  |16|  |  |  |  |  |13|15| 5|10|11|14|  |  |  |
|  | 3|  |  |15|  | 8|  | 4|13|  |14|  | 6|  |  |
|  |  |  |  | 3|  |16|  |11|  | 2|13|  | 9|10|  |
|  |  |13| 7| 1| 6|  |12|  | 9| 8|  |  |  |  |  |
|  |10| 3|  | 9| 8|  |  |  |  |  | 5| 1|  |  | 4|
|  | 1| 8|  |  |  |  |  |  |16|  |  |  | 7|12| 5|
| 6| 7|  |12|  |  |  |  | 2|15|11|  |  |  |  |10|
|  |  | 4|  |  |  |12| 5|  | 8| 9|  |  |15| 3| 6|
| 2|  |11|  | 8| 1| 9|10|  |  |  |  |  |  | 4|  |
|  |  | 1|  |  | 3|  |  |  |  |  |16|12|  |11| 7|
