| 7|  |  |  |  |  |  | 8|16|  |  |10|  | 3| 2| 5|
|  |  | 8| 5| 9|  |  |14| 3|  |  |  |15|  |  |  |
|  |  |  |13|  |  |  | 2|  | 9| 4|  | 7|  |14|  |
|  | 1|  | 4|  | 5|10| 7|  |  | 2|  |16|  |  |  |
|  |12|  |  |11|16| 9|  |15|  |10|  |  |  |  |  |
|  |16|11|  |14|  |13|  |  |  | 3|  | 6|  |  |15|
|  | 5|  | 7|  | 3|  | 6|11|  |  |  |10|  | 8|  |
|  |  |  | 6|  |  |  |  |12|  |  |13|  |16| 9|11|
|11| 9|  | 3|12|  |  | 1| 4| 2|  |  |  |13|  |  |
| 6|  |14|  | 5|  |  |  |  |  | 8|11|  |15| 4|  |
|  |  | 4|  |  |14| 7|  |  | 1|  | 3| 9|  |  |  |
| 5|13|  |  | 8|  |15|  |  | 6|  |  |  |14|16|  |
|  |  | 3|  |10| 6|  |  |  | 4|  | 1|  |  | 5| 2|
| 1| 6|10| 9|  |  | 3|  |  |13|  |  |  | 4|  |12|
| 8|  |15|  |  |12|  |13| 2|  |  |  |  |10|  |  |
|  | 7|  |  |  | 8| 1|  |  |  |12| 9|  |  |  |16|
