|14|  | 8|16|  |  | 5|  |  |  |  |  |  |15|12|  |
|  |11|  |  | 9|  |  | 7|13|14|  |  |  | 3|  |  |
| 1| 5|  |  |  |  |  | 4| 8|  |  | 9|  |  |13|  |
|  |13|  |  |  | 8|14|  | 3|  |  | 2| 6|11|  |  |
|  |  |11|  |10|  |  |  | 5|15|  | 4|  |  |  |13|
|  |  |  | 5| 4| 2|  |  |  |  | 8|  |16|  |11|  |
|  | 4| 6| 2|  | 5|  |  |  |  | 3|  |  |12|  |  |
| 7|  |  |  |  |  | 1|15|  |  | 2|  |  | 5|  | 9|
| 6|  |  | 4|  |16|  |11|10|  |15|  |  |  |  |  |
|  |  |  |  |12|15|  |  |  | 6|  |13|10|  |  |14|
|13|  |  |14| 7|  |  | 8|  |  | 9|  |  | 6|  |16|
|15| 2|  |  |  |  |  |10|  |  |16|  |11|  |  | 3|
|  |14| 3|  |  |  | 7|  | 1|10|  |12|  | 9|  |  |
|  |  |16|12|  | 9|  |13|  |  |  |  | 7|  | 1|  |
|  | 1| 2|  |  |  |10|  |  | 7|  | 8|  |  | 4|  |
|  |  |  |  | 1|  | 6|  |  | 3|  |  | 2|  |15|12|
