|21| 5|  |17|  |16|  |  | 9| 8|  |  |  |  |  |  |  |25|  |22|  |19|  |10| 6|
|  |12| 1|16|  |18|  |  | 2|  | 9|  |13|25| 8|  | 6|  |11|19|  |  |  |  |  |
|20|  |  | 7|24|22| 1| 5|  |  | 4|  |23|  | 6|  |  |  |18|  |  |  |  |  | 9|
|  |  |  |  |  |  |  | 7|  |  |22|  | 5|  |  |13| 8|12|  | 9|17|14|  |15| 2|
|15| 3|  |  | 9|  |  |11|  | 6|  |12|  |19|  |  |  |17| 5|  |13| 7|  | 4|  |
|16| 1|  | 3|10|  |13|  | 8|  |  |22| 7|  |  |19|  |  |  |  |  |25|24|20|  |
|  |  |  |  |  |12|10| 3|21|  |11|25|19|  |15| 1|  |  |  | 2|  |17|  |  |  |
|11|  |17|  |  |23|  |19|  |  |  |  | 3|18|  |  |20|  |  |  |16| 4|15|14|  |
|  |24| 2|22|  | 4|  |  |  |18|  |  |  |23| 9|17|13|15|  |21|  |  |  |  |  |
|  |19| 8|  |18|  |  |20|  |  |  |  |  |12|  |23|10|24|  |  | 2|  | 9|21|  |
|  | 8|12| 1|  | 5|17|  |  |  |  | 9|  |  | 3| 2|  |23| 7|  |11|  |  |19|  |
|  |14|25| 4|  | 7|12|23|16|  |17|  |  |22|  |  |  |  |  |  |  |  |10| 8|20|
|10|  |11|  | 2|  | 3|  |  |  |  |23| 6| 4| 7|  |25| 1|20|  |  |  |  |13|  |
|23|  |  |  |  |  |  |13|  |  |  |11|16|  |  | 6|22|10|  | 3| 4|12|  |  | 1|
| 7|  |  |  |  |  | 4| 6|24|  |  |10|  | 5|  |18|  |  | 8|  | 9|  |25|  |15|
|  | 9|  |20|19|24|  |  |17|14|23| 6|  |  |11|  |  |  |13|25|  |  |  |  |  |
|  |  |16|  |23|  |  |  | 5|13| 8|  |10|  |22|  |  |20|  |14|18|  | 1|  |  |
|  |  | 5|  |11| 3|  |21|  | 9|  |  |18|16|  |22| 1|  |15|  |14|  |12|  |  |
|  |  |  |24| 6|15|  | 1|  | 4|19|21|  |  |  |  |  |  |16|  |20| 3| 2|  |11|
| 1|  |  |  |14|  |  |  |  |12|  |  |  |  | 5|24|  | 2|  |11|  |21| 8| 9|19|
|  |  |  |10| 8|  |25|  |18|  |15| 4|14|  |17|12|  |11|21|  |19|  |  |  |  |
|17|25| 3|14|  | 8|  |24|  |  |21|16|  |10|  |  | 5|  |22|  |  |  |  |  | 7|
|  |  |13|  |  |  |21|  | 7| 2|  |  |  |  |23|  |  | 4|  | 6|  |10|14|22|24|
| 5| 7|  |18|21|  | 6|  |  |15|25|  |  |20|  |  | 2|  |  |  |  |16|13|  |12|
|  |  |  |  |15|  | 5|  | 3|16|18| 2|  |  |  |14|24|  |  |20|  | 1|17|  |21|
