|13|22|14|  |  |25|  | 3| 5|  |19|  |  | 9|  |  |  |16| 6|  |24|  |  |18|  |
| 5|  |  |  |18|23| 2|  |13|24| 1|10|11|  |  |  |  | 4|  |  |21|12|  |  |  |
| 6|  |  |  |17|  |  |16|  |22|20|  | 8|  |24|13| 2|  |  |  |  |  |  |10|15|
|  |  |20|  |  | 7| 8|  | 6|  |  |  |  |  |12| 1|21|14|25| 5|11|  |  |17|  |
|15| 1|10|  |  |  |  |  |  |  | 7|21|  |  |  | 3|  |  |12|  | 6| 8| 5|23|  |
| 2|12|  | 1|20|  |  |  |  | 8|16|23| 6|24|  | 4|  |10|  | 9|  |  |  |  |  |
|  |  |  |  |15|18|10|  |16|  |  |  |  | 3| 1|  |  |  |  | 6|25|  | 2|22|12|
| 8|  |  | 3|23|  |13|25|14|19|  |17|  |  |  |15|  |21|  |  |  | 9| 1|  | 4|
|  | 5|19| 9|  |  |  | 2|  |  |  |  |  |  |21|23|17|20|14|16|10|  |24|  |  |
|  |  |  | 4|13|  |  | 5| 3|23| 2|  |19|  |22| 7|  |  |  |  | 8|11|  |  |17|
|  |  | 1|12|16|  |  |  |  |  |  |20|22|  |  |18|  |  |10|25| 7|  | 3| 4|  |
|  |  |  |  | 4|21|23|10|25|  |24|  |12| 8| 7|11|  |  |  |  |  |16|22|  |  |
|  |10|  | 7| 6|17|14|  |  |  |  |18|  |15|  |  |24|  |  | 2|  |25|  | 9|  |
|  | 3|15|  |  |  |24|22| 7| 4|14|  |  |  |  |  |16|  |  |21| 5|  |  |  |13|
|14| 8|11|  |  |  |12|  |  |16|  |25| 3|  |  | 5| 6|  | 7|  |23|  |  |24|  |
|  |  |  | 5|  |12|  |  |  |  |15|  | 9|  |18|  |11|19|  | 1|  |10| 6|  |21|
|19|  |  | 2|  |  |  |17|  |  |  |  |  |11|20|  | 9|  |  |  |16|14| 8|15|18|
|22|25|  |15|  |  | 7| 8|21|13|  |19|  | 1| 4|  |  |18|20|  |  |  |  |  |  |
|  |  | 9|  |  |19|  |20| 2|18|  |  |  |  |  |  | 5| 8|15|  |  |17| 4|  | 3|
|16|17|21|  | 8|  |  |11|  | 9|  |12| 2|13|  |14|  | 3|  |  |  |19|  |  |  |
| 1|18|17|  |  |  |22|  |  |  |21|  |24| 4| 3|  |20|  |23|  | 2|  |  |11|  |
|20|  | 7|  |  | 6|  |18|  |  |10|  |  |25|  |  |12|  |  | 3|  |  |14|13| 9|
|  | 9|12|13|  |11|15|  |23| 7|  |  |  |14|  |  |  |  |  |19|20|22|  |  |  |
|25|  |  |24|  |  |20|  |  |  |  | 2|18|  |11|  |  |  | 5|  |  |21|23|  |19|
|  |  |  |  | 5|13|19|  | 1|  |  | 6|  |  |  |17| 4|11|22|15|  |  |  |25|10|
