| 9|  | 6|  |  |  |  |  |  |  |  |  |14| 2| 7|11|  |22|  |  |20|19|16|  |25|
|20|25| 2|  |  |14|  |  |  |19|21| 6|  |22|  |  |  |  | 5|  |  |  |  |12| 7|
|  |  |  |22|17|  | 6|  |23| 4| 1|  |  |  |  |14| 3|  | 2|  |  |24|  |  |21|
|  |12|  |11|  |  | 2|18|  |21| 3| 4|  |  |17|25|  |  |24|  |  |  |14| 5|  |
|  |14|  |  |21|  |20|24|11|  |  |25|  |10|  |23| 6|  |12|  |22|  |  |  |  |
|  |11|  |19|  |16|  |15|10|  |  |  |  |14|  |  |20|18| 6|  | 3|17|  |  |  |
|  | 9|22| 8|  | 1|  |12|  |  | 5|  | 7|  |11| 4|10| 2|  |  |18|  |  |  |  |
| 3| 6|  |  |  |  |  |  |  | 7|  | 9|10|15|16|  |13|  |14|  | 1|  | 4|24|  |
|  |  |  | 2| 4|20|17|25|  |  |  |  |  | 8|  |  |  | 7|  |23|  |16|  |15|12|
|15|  |  |14|18| 3|  |  |  |13|  |20|24|  | 2|  |  |  |16|  |19|  |  |10| 5|
| 4| 5|  |13|  |  |  |  |  |  |20|11|22|24|25|  |23|16|  |  |  | 9|10|  |  |
|  |  |  |  |22|21|25| 9| 3|23| 2|  |  |  |  |  |  |  | 7|  |  |  |12|19| 8|
|  |  | 9|  |  |19| 5|  |14|12|  |15|  |  |  |  |18|  |  |10|16|  | 1|21|  |
|24|  |  |17| 7| 6|  |  |16|  |  |  |  |  |14| 8|19|13| 4|  |  |  |  |  |20|
|  | 8|15|  |10|  |  |  |  |  | 6|16|  |  | 1| 5|25|  |  |11|  | 2|23|  |  |
|22|  |  |  |11| 5|  | 8|20|24| 4|  |18|23|  |  |  |  |  | 1|13|21|  |  |  |
|  | 3|19|  |13|  |  |21|  |  |  |24| 6|16|  | 2|  |12|  |18|  |  |  | 4|  |
| 8|18|24|  |  |  |  |  |  |  | 7|  |17| 5|12|  |  |  |  |20|  |23| 3| 1|  |
|  |  | 4|  |  |17|13| 2| 7|  |  |  |  | 1|  |22|  | 8|  | 5|  |  |19|18|16|
|21|17|  |  |  |  |  |  | 6|16|15|  |  |  |  |10| 9|11|  | 3|12|  | 5|  |  |
|  |  |  |  | 6|  |  |  |18|22|23| 8|20| 4|  |  |  |25| 9|14|17|  |  |  | 1|
|  |  |21| 9|  |  |10|13|25|  |17|  | 5|  |15|  |  |  |  | 8|  |12| 7|23|19|
| 1|22|23|24| 8|  |11|  |  |  |  |  |13|  |21|  |  | 3|10|15|  |18|  |  |  |
|17|  |18|  |  |  |15|  |  |14|  | 1| 9|  |  | 7|  |  |13|  |11|10|  | 8|  |
|  |  |13|25|  | 9|19|23|  |  |  | 3|  |  |  |  | 4|24|  |17|21|  |  |  |15|
