|14|11|  |  |  |17|12| 9|18|  |  |  |22| 8| 5|16|  |  |  |  |  |24|  |  |  |
|23|  |10|  |  | 3|  |14|  |  |  |  |  |11| 1| 6|  |  |22|18|  |  |20|  |19|
|13|16|  |  |  |  |  | 4|  |  | 2| 9|24|  |15|  |12|  |  |  |  |25|17|10| 8|
| 8|  | 3|  | 6| 2|15|  |  |16|  |23|  |  |  | 4|21|  |  |11|  |  | 5| 1|  |
|21|  |15|  | 2|  |10|  |  |  |  |14|  |16|  |17|13| 9|24|  |11|  |  |  |18|
|18| 9|21|  |  |11|  |  |  | 4|  |15|  |19|  | 1| 7|  |23|  |  |  |24|  |13|
| 3| 8|  |  | 4|  |24|  | 2|14|10|  |  |22|  | 9| 5|  |  |  |25|  |23|  |  |
|25|19|  | 6|  |  | 5|18|22|  |24|  |23|17|  |  |  |  |13|  | 7|16|  |  |  |
|  |23|  |  |  |21|  |  |  |  |  |  |13| 7|  |  |16|24|11| 4|10|19|  | 9|  |
|  |  | 5| 1|  |23|25|  |  |12|  |20|  | 4|  |  |  | 8|  |  |14| 2|21|  |  |
| 7| 1|  | 4|19|  |  |  |  |20| 5|  |  |  |  |  |  |11|  |25| 3|  |16|18|12|
|  |  |  |  | 9|22|  |13|16|  | 1|  |  |  |21|18|  |10|12|  | 4|  | 7| 5|  |
|  |  |  |  |13|10|23|12|14|  | 3| 2|  | 6|  |  |17|  |  |20|  |  | 9|19|  |
|  |  |16|14|  |  |  | 3| 8|  |  |  |25|  |22|  |  |19| 5|23|15|  |  |  | 2|
|20|22|  |21|  |  |  |  | 9|25|13|16|  |  | 8|  |  | 1|  |15|  |10|  |23|  |
|10|18|23|  |  |  |  |21| 7|15|11|  |  |  |13|  |  |  | 1|17|  |  | 6|  |  |
|  |  | 1|25|  |  |20|  |  |17|  |21|  |  | 3|  | 6| 4|14|  |  |18|  |  | 7|
|  |12|20|11|14|  |  | 6|  |13|16|17|18|  |  |  |25|  | 2|  |  | 8|  |  |  |
|  |  |  |15| 7|  |  |  |  | 3|  |24| 1|  |19|  |11|18|  | 9|12| 4|  |  | 5|
|  |  |  |  |  |12|  |19| 4|  |  |  |10|  | 6|23|  |  | 3|  | 1|  |25|24|17|
|  |  | 9| 7|22|  |  |  |  |  |15|  | 5|21|24|  |  |17|  |  |20|12|19|  | 3|
|  |15|  |  | 5|  | 3|  |  | 9|19|  |20|  |  | 2|22|  |  | 6|  |17|  | 7|21|
|24|14|  | 2|  |  | 4| 1|  |22|  | 8|  |  |  | 5|  |20| 7|12|  |  |  |25|  |
|  |  |19|  |  |20|11| 8|17|  |  |  | 3|  |  |24|10|15|  |16|  |  |  | 6|  |
|  |  |25| 8|18|15|  |  |24|  |22| 6|  |13|12|  |  |  |  |  | 2|  |  |14|10|
