|13|22|14|11|12|25|21| 3| 5| 1|19|15|17| 9| 2| 8|23|16| 6|10|24| 4| 7|18|20|
| 5| 7| 3| 8|18|23| 2|19|13|24| 1|10|11| 6|25|22|15| 4|17|20|21|12| 9|14|16|
| 6|23| 4|21|17|14|18|16|12|22|20| 3| 8| 5|24|13| 2| 9|11| 7|19| 1|25|10|15|
| 9| 2|20|19|24| 7| 8|15| 6|10|18| 4|16|23|12| 1|21|14|25| 5|11| 3|13|17|22|
|15| 1|10|16|25| 4|17| 9|20|11| 7|21|14|22|13| 3|19|24|12|18| 6| 8| 5|23| 2|
| 2|12|18| 1|20|22|11| 7|17| 8|16|23| 6|24|15| 4|25|10| 3| 9|14|13|19|21| 5|
| 7|14|24|17|15|18|10|21|16|20|11| 9| 4| 3| 1|19| 8| 5|13| 6|25|23| 2|22|12|
| 8| 6|16| 3|23|24|13|25|14|19|12|17| 7|10| 5|15|22|21| 2|11|18| 9| 1|20| 4|
|11| 5|19| 9|22|15| 1| 2| 4|12| 8|13|25|18|21|23|17|20|14|16|10| 6|24| 3| 7|
|10|21|25| 4|13| 9| 6| 5| 3|23| 2|14|19|20|22| 7| 1|12|18|24| 8|11|15|16|17|
|24|19| 1|12|16| 8| 9| 6|11|15| 5|20|22|21|17|18|13|23|10|25| 7| 2| 3| 4|14|
|18|13| 2|20| 4|21|23|10|25| 5|24| 1|12| 8| 7|11| 3|17| 9|14|15|16|22|19| 6|
|23|10| 5| 7| 6|17|14| 1|19| 3| 4|18|13|15|16|20|24|22| 8| 2|12|25|21| 9|11|
|17| 3|15|25| 9|20|24|22| 7| 4|14|11|23| 2| 6|12|16| 1|19|21| 5|18|10| 8|13|
|14| 8|11|22|21| 2|12|13|18|16| 9|25| 3|19|10| 5| 6|15| 7| 4|23|20|17|24| 1|
| 4|20|13| 5| 7|12| 3|23|24|14|15| 8| 9|17|18|25|11|19|16| 1|22|10| 6| 2|21|
|19|24|23| 2| 3| 1| 5|17|22| 6|25| 7|10|11|20|21| 9|13| 4|12|16|14| 8|15|18|
|22|25| 6|15|14|16| 7| 8|21|13| 3|19| 5| 1| 4| 2|10|18|20|17| 9|24|11|12|23|
|12|11| 9|10| 1|19|25|20| 2|18|22|24|21|16|14| 6| 5| 8|15|23|13|17| 4| 7| 3|
|16|17|21|18| 8|10| 4|11|15| 9| 6|12| 2|13|23|14| 7| 3|24|22| 1|19|20| 5|25|
| 1|18|17| 6|19| 5|22|14|10|25|21|16|24| 4| 3| 9|20| 7|23|13| 2|15|12|11| 8|
|20| 4| 7|23|11| 6|16|18| 8|21|10|22|15|25|19|24|12| 2| 1| 3|17| 5|14|13| 9|
| 3| 9|12|13| 2|11|15| 4|23| 7|17| 5| 1|14| 8|10|18|25|21|19|20|22|16| 6|24|
|25|15|22|24|10| 3|20|12| 9|17|13| 2|18| 7|11|16|14| 6| 5| 8| 4|21|23| 1|19|
|21|16| 8|14| 5|13|19|24| 1| 2|23| 6|20|12| 9|17| 4|11|22|15| 3| 7|18|25|10|
