|14|11| 4|20|25|17|12| 9|18| 6|21|19|22| 8| 5|16| 3| 7|10| 1|23|24|13| 2|15|
|23|17|10| 9|12| 3| 8|14| 5|24|25|13| 7|11| 1| 6|15| 2|22|18|16|21|20| 4|19|
|13|16|18|22| 1|19| 7| 4|11|21| 2| 9|24| 3|15|14|12|23|20| 5| 6|25|17|10| 8|
| 8| 7| 3|24| 6| 2|15|20|13|16|18|23|12|10|17| 4|21|25|19|11|22| 9| 5| 1|14|
|21| 5|15|19| 2| 1|10|22|25|23| 6|14| 4|16|20|17|13| 9|24| 8|11| 7|12| 3|18|
|18| 9|21|16|10|11| 6|17|20| 4| 8|15| 2|19|25| 1| 7|14|23|22| 5| 3|24|12|13|
| 3| 8| 7|12| 4|13|24|16| 2|14|10| 1|21|22|18| 9| 5| 6|17|19|25|15|23|20|11|
|25|19|14| 6|15| 9| 5|18|22|10|24| 3|23|17|11|21|20|12|13| 2| 7|16| 1| 8| 4|
| 2|23|22|17|20|21| 1|15| 3| 8|12| 5|13| 7|14|25|16|24|11| 4|10|19|18| 9| 6|
|11|13| 5| 1|24|23|25| 7|19|12| 9|20| 6| 4|16|10|18| 8|15| 3|14| 2|21|17|22|
| 7| 1| 2| 4|19| 6|21|24|15|20| 5|10|17|23| 9|22|14|11| 8|25| 3|13|16|18|12|
|15| 3| 8|23| 9|22|17|13|16|19| 1|11|14|20|21|18| 2|10|12|24| 4| 6| 7| 5|25|
| 5|25|24|18|13|10|23|12|14|11| 3| 2|15| 6| 4| 7|17|21|16|20| 8|22| 9|19| 1|
| 6|10|16|14|17| 4|18| 3| 8| 1| 7|12|25|24|22|13| 9|19| 5|23|15|20|11|21| 2|
|20|22|12|21|11| 7| 2| 5| 9|25|13|16|19|18| 8| 3| 4| 1| 6|15|17|10|14|23|24|
|10|18|23| 3| 8|25|22|21| 7|15|11| 4| 9| 2|13|12|24| 5| 1|17|19|14| 6|16|20|
|19|24| 1|25|16| 5|20|11|10|17|23|21| 8|12| 3|15| 6| 4|14|13| 9|18| 2|22| 7|
| 4|12|20|11|14|24| 9| 6| 1|13|16|17|18| 5| 7|19|25|22| 2|10|21| 8| 3|15|23|
|22| 6|17|15| 7| 8|16| 2|23| 3|14|24| 1|25|19|20|11|18|21| 9|12| 4|10|13| 5|
| 9| 2|13| 5|21|12|14|19| 4|18|20|22|10|15| 6|23| 8|16| 3| 7| 1|11|25|24|17|
| 1| 4| 9| 7|22|16|13|10| 6| 2|15|25| 5|21|24| 8|23|17|18|14|20|12|19|11| 3|
|16|15|11|10| 5|14| 3|25|12| 9|19|18|20| 1|23| 2|22|13| 4| 6|24|17| 8| 7|21|
|24|14| 6| 2| 3|18| 4| 1|21|22|17| 8|11| 9|10| 5|19|20| 7|12|13|23|15|25|16|
|12|21|19|13|23|20|11| 8|17| 5| 4| 7| 3|14| 2|24|10|15|25|16|18| 1|22| 6| 9|
|17|20|25| 8|18|15|19|23|24| 7|22| 6|16|13|12|11| 1| 3| 9|21| 2| 5| 4|14|10|
